VIdeo Id
7274483
7274484
7274482
7274481
7274491
7274492
7274494
7274495
7274485
7274486
7274488
7274487
7274511
7274513
7274514
7274515
7274542
7274543
7274541
7274507
7274509
7274508
7274510
7274535
7274547
7274545
7274546
7274544
7274769
7274770
7274771
7274749
7274677
7274797
7274678
7274798
7274799
7274679
7274816
7274817
7274818
7274819
7274772
7274773
7274774
7274775
7274776
7274729
7274777
7274778
7274756
7274757
7274758
7274834
7274835
7274759
7274760
7274827
7274783
7274784
7274785
7274786
7274787
7274788
7274646
7274647
7274626
7274627
7274643
7274644
7274636
7274638
7274633
7274634
7274677
7274797
7274678
7274798
7274799
7274679
7274654
7274655
7274656
7274688
7274689
7274639
7274652
7274641
7274642
7274657
7274659
7274658
7274630
7274636
7274548
7274550
7274551
7274552
7274483
7274484
7274482
7274481
7274485
7274486
7274488
7274487
7274511
7274513
7274514
7274515
7274535
7274547
7274536
7274537
7274540
7274535
7274547
7274545
7274546
7274544
7274763
7274764
7274718
7274719
7274721
7274730
7274731
7274789
7274790
7274732
7274733
7274734
7274736
7274631
7274823
7274632
7274826
7274749
7274737
7274738
7274740
7274741
7274742
7274677
7274797
7274678
7274798
7274799
7274679
7274828
7274816
7274817
7274818
7274819
7274722
7274723
7274724
7274772
7274773
7274754
7274755
7274726
7274727
7274829
7274832
7274833
7274774
7274775
7274776
7274729
7274777
7274778
7274756
7274757
7274758
7274762
7274779
7274780
7274781
7274782
7274759
7274760
7274793
7274794
7274744
7274745
7274827
7274783
7274784
7274785
7274786
7274787
7274788
7274643
7274644
7274631
7274823
7274632
7274826
7274633
7274634
7274677
7274797
7274678
7274798
7274799
7274679
7274688
7274639
7274652
7274641
7274642
7274648
7274649
7274650
7274705
7274706
7274707
7274708
7274657
7274659
7274658
7274630
7274636
7274763
7274764
7274795
7274796
7274718
7274719
7274721
7274730
7274731
7274789
7274790
7274769
7274770
7274771
7274732
7274733
7274734
7274736
7274631
7274823
7274632
7274826
7274749
7274737
7274738
7274740
7274741
7274742
7274750
7274751
7274753
7274828
7274800
7274801
7274803
7274804
7274816
7274817
7274818
7274819
7274722
7274723
7274724
7274791
7274792
7274772
7274773
7274754
7274755
7274726
7274727
7274829
7274832
7274833
7274774
7274775
7274776
7274729
7274777
7274778
7274756
7274757
7274758
7274762
7274805
7274806
7274807
7274808
7274809
7274834
7274835
7274779
7274780
7274781
7274782
7274820
7274821
7274759
7274760
7274793
7274794
7274822
7274744
7274745
7274827
7274783
7274784
7274785
7274786
7274787
7274788
7274548
7274550
7274551
7274552
7274617
7274618
7274619
7274620
7274502
7274505
7274506
7274504
7274483
7274484
7274482
7274481
7274491
7274492
7274494
7274495
7274553
7274554
7274555
7274556
7274485
7274486
7274488
7274487
7274511
7274513
7274514
7274515
7274535
7274547
7274536
7274537
7274540
7274542
7274543
7274541
7274507
7274509
7274508
7274510
7274535
7274547
7274545
7274546
7274544
7274573
7274576
7274575
7274578
7274496
7274498
7274500
7274501
7274646
7274647
7274666
7274667
7274668
7274626
7274627
7274669
7274670
7274671
7274680
7274684
7274685
7274686
7274687
7274657
7274659
7274660
7274636
7274638
7274631
7274823
7274632
7274826
7274633
7274634
7274672
7274673
7274674
7274675
7274681
7274688
7274689
7274639
7274652
7274641
7274642
7274705
7274706
7274707
7274708
7274676
7274657
7274659
7274658
7274630
7274636
7274682
7274664
7274665
7274628
7274629
7274473
7274475
7274402
7274418
7274419
7274420
7274476
7274403
7274404
7274446
7274450
7274447
7274448
7274449
7274405
7274468
7274477
7274478
7274479
7274480
7274406
7274451
7274452
7274453
7274454
7274455
7274456
7274459
7274462
7274410
7274407
7274463
7274465
7274408
7274409
7274443
7274444
7274434
7274445
7274466
7274467
7274471
7274472
7274597
7274598
7274599
7274601
7274600
7274602
7274604
7274605
7274607
7274516
7274517
7274518
7274519
7274483
7274484
7274482
7274481
7274573
7274576
7274575
7274578
7274795
7274754
7274755
7274729
7274756
7274757
7274758
7274805
7274806
7274807
7274808
7274809
7274822
7274597
7274598
7274599
7274601
7274600
7274602
7274604
7274605
7274607
7274516
7274517
7274518
7274519
7274483
7274484
7274482
7274481
7274573
7274576
7274575
7274578
7274754
7274755
7274729
7274756
7274757
7274758
7274805
7274806
7274807
7274808
7274809
7274822
7274476
7274398
7274597
7274598
7274599
7274601
7274600
7274602
7274604
7274605
7274607
7274548
7274550
7274551
7274552
7274588
7274589
7274590
7274591
7274502
7274505
7274506
7274504
7274594
7274593
7274595
7274596
7274579
7274580
7274581
7274582
7274483
7274484
7274482
7274481
7274491
7274492
7274494
7274495
7274609
7274610
7274612
7274611
7274583
7274585
7274586
7274587
7274485
7274486
7274488
7274487
7274511
7274513
7274514
7274515
7274535
7274547
7274536
7274537
7274540
7274542
7274543
7274541
7274507
7274509
7274508
7274510
7274535
7274547
7274545
7274546
7274544
7274496
7274498
7274500
7274501
7274489
7274490
7274614
7274613
7274615
7274616
7274473
7274475
7274402
7274418
7274419
7274420
7274391
7274390
7274392
7274389
7274476
7274403
7274404
7274446
7274450
7274447
7274448
7274449
7274397
7274394
7274395
7274396
7274398
7274405
7274468
7274421
7274422
7274423
7274424
7274425
7274426
7274427
7274428
7274477
7274478
7274479
7274480
7274406
7274399
7274429
7274430
7274432
7274451
7274452
7274453
7274454
7274455
7274456
7274459
7274462
7274410
7274411
7274413
7274407
7274433
7274444
7274434
7274435
7274414
7274415
7274436
7274437
7274438
7274463
7274465
7274401
7274408
7274409
7274439
7274440
7274416
7274417
7274441
7274442
7274469
7274470
7274443
7274444
7274434
7274445
7274466
7274467
7274471
7274472
7274763
7274764
7274795
7274796
7274718
7274719
7274721
7274730
7274731
7274789
7274790
7274765
7274766
7274767
7274769
7274770
7274771
7274747
7274748
7274732
7274733
7274734
7274736
7274631
7274823
7274632
7274826
7274749
7274810
7274737
7274738
7274740
7274741
7274742
7274750
7274751
7274753
7274677
7274797
7274678
7274798
7274799
7274679
7274828
7274800
7274801
7274803
7274804
7274816
7274817
7274818
7274819
7274722
7274723
7274724
7274791
7274792
7274772
7274773
7274754
7274755
7274726
7274727
7274829
7274832
7274833
7274774
7274775
7274776
7274729
7274777
7274778
7274756
7274757
7274758
7274762
7274805
7274806
7274807
7274808
7274809
7274834
7274835
7274779
7274780
7274781
7274782
7274820
7274821
7274759
7274760
7274793
7274794
7274822
7274744
7274745
7274811
7274812
7274813
7274814
7274827
7274783
7274784
7274785
7274786
7274787
7274788
7274646
7274647
7274666
7274667
7274668
7274626
7274627
7274714
7274669
7274670
7274671
7274680
7274693
7274694
7274652
7274642
7274653
7274684
7274685
7274686
7274687
7274643
7274644
7274657
7274659
7274660
7274636
7274638
7274631
7274823
7274632
7274826
7274692
7274712
7274633
7274634
7274677
7274797
7274678
7274798
7274799
7274679
7274672
7274673
7274674
7274675
7274654
7274655
7274656
7274681
7274688
7274689
7274639
7274652
7274641
7274642
7274648
7274649
7274650
7274700
7274701
7274702
7274709
7274710
7274711
7274692
7274712
7274713
7274696
7274698
7274699
7274705
7274706
7274707
7274708
7274703
7274704
7274691
7274676
7274657
7274659
7274658
7274630
7274636
7274682
7274716
7274717
7274664
7274665
7274628
7274629
7274391
7274390
7274392
7274389
7274397
7274394
7274395
7274396
7274398
7274399
7274401
7274473
7274475
7274402
7274418
7274419
7274420
7274476
7274403
7274404
7274446
7274450
7274447
7274448
7274449
7274405
7274479
7274480
7274406
7274451
7274452
7274453
7274454
7274455
7274456
7274459
7274462
7274410
7274407
7274408
7274409
7274443
7274444
7274434
7274445
7274466
7274467
7274471
7274472
7274763
7274764
7274795
7274718
7274719
7274721
7274730
7274731
7274789
7274790
7274732
7274733
7274734
7274736
7274631
7274823
7274632
7274826
7274749
7274810
7274737
7274738
7274740
7274741
7274742
7274828
7274816
7274817
7274818
7274819
7274722
7274723
7274724
7274772
7274773
7274754
7274755
7274726
7274727
7274829
7274832
7274833
7274774
7274775
7274776
7274729
7274777
7274778
7274756
7274757
7274758
7274762
7274834
7274835
7274779
7274780
7274781
7274782
7274759
7274760
7274793
7274794
7274744
7274745
7274783
7274784
7274785
7274786
7274787
7274788
7274669
7274670
7274671
7274631
7274823
7274632
7274826
7274633
7274634
7274681
7274688
7274639
7274652
7274641
7274642
7274705
7274706
7274707
7274708
7274676
7274657
7274659
7274658
7274630
7274636
7274682
7274628
7274629
7274402
7274418
7274419
7274420
7274403
7274404
7274446
7274450
7274447
7274448
7274449
7274405
7274468
7274421
7274422
7274423
7274424
7274425
7274426
7274427
7274428
7274406
7274429
7274430
7274432
7274451
7274452
7274453
7274454
7274455
7274456
7274459
7274462
7274407
7274433
7274444
7274434
7274435
7274436
7274437
7274438
7274463
7274465
7274408
7274409
7274439
7274440
7274441
7274442
7274443
7274444
7274434
7274445
7274466
7274467
7274646
7274647
7274666
7274667
7274668
7274626
7274627
7274714
7274669
7274670
7274671
7274680
7274693
7274694
7274684
7274685
7274686
7274687
7274657
7274659
7274660
7274636
7274638
7274631
7274823
7274632
7274826
7274633
7274634
7274672
7274673
7274674
7274675
7274681
7274688
7274689
7274639
7274652
7274641
7274642
7274709
7274710
7274711
7274692
7274712
7274713
7274696
7274698
7274699
7274705
7274706
7274707
7274708
7274676
7274657
7274659
7274658
7274630
7274636
7274682
7274664
7274665
7274628
7274629
7274763
7274764
7274718
7274719
7274721
7274730
7274731
7274789
7274790
7274769
7274770
7274771
7274732
7274733
7274734
7274736
7274631
7274823
7274632
7274826
7274749
7274737
7274738
7274740
7274741
7274742
7274750
7274751
7274753
7274828
7274816
7274817
7274818
7274819
7274722
7274723
7274724
7274791
7274792
7274772
7274773
7274754
7274755
7274726
7274727
7274829
7274832
7274833
7274774
7274775
7274776
7274729
7274777
7274778
7274756
7274757
7274758
7274762
7274779
7274780
7274781
7274782
7274759
7274760
7274793
7274794
7274744
7274745
7274827
7274783
7274784
7274785
7274786
7274787
7274788
7274483
7274484
7274482
7274481
7274491
7274492
7274494
7274495
7274485
7274486
7274488
7274487
7274511
7274513
7274514
7274515
7274542
7274543
7274541
7274507
7274509
7274508
7274510
7274535
7274547
7274545
7274546
7274544
7274769
7274770
7274771
7274749
7274677
7274797
7274678
7274798
7274799
7274679
7274816
7274817
7274818
7274819
7274772
7274773
7274774
7274775
7274776
7274729
7274777
7274778
7274756
7274757
7274758
7274834
7274835
7274759
7274760
7274827
7274783
7274784
7274785
7274786
7274787
7274788
7274646
7274647
7274626
7274627
7274643
7274644
7274636
7274638
7274633
7274634
7274677
7274797
7274678
7274798
7274799
7274679
7274654
7274655
7274656
7274688
7274689
7274639
7274652
7274641
7274642
7274657
7274659
7274658
7274630
7274636
7274548
7274550
7274551
7274552
7274502
7274505
7274506
7274504
7274483
7274484
7274482
7274481
7274485
7274486
7274488
7274487
7274511
7274513
7274514
7274515
7274542
7274543
7274541
7274507
7274509
7274508
7274510
7274535
7274547
7274545
7274546
7274544
7274473
7274475
7274402
7274418
7274419
7274420
7274391
7274390
7274392
7274389
7274403
7274404
7274446
7274450
7274447
7274448
7274449
7274397
7274394
7274395
7274396
7274398
7274405
7274425
7274426
7274427
7274428
7274479
7274480
7274406
7274451
7274452
7274453
7274454
7274410
7274407
7274433
7274444
7274434
7274435
7274408
7274409
7274443
7274444
7274434
7274445
7274466
7274467
7274714
7274669
7274670
7274671
7274693
7274694
7274631
7274823
7274632
7274826
7274633
7274634
7274677
7274797
7274678
7274798
7274799
7274679
7274681
7274688
7274639
7274652
7274641
7274642
7274700
7274701
7274702
7274709
7274710
7274711
7274692
7274712
7274713
7274696
7274698
7274699
7274705
7274706
7274707
7274708
7274630
7274636
7274628
7274629
7274763
7274764
7274795
7274718
7274719
7274721
7274730
7274731
7274789
7274790
7274732
7274733
7274734
7274736
7274631
7274823
7274632
7274826
7274749
7274737
7274738
7274740
7274741
7274742
7274828
7274816
7274817
7274818
7274819
7274722
7274723
7274724
7274772
7274773
7274754
7274755
7274726
7274727
7274774
7274775
7274776
7274729
7274777
7274778
7274756
7274757
7274758
7274762
7274779
7274780
7274781
7274782
7274759
7274760
7274744
7274745
7274827
7274783
7274784
7274785
7274786
7274787
7274788
7274548
7274550
7274551
7274552
7274502
7274505
7274506
7274504
7274483
7274484
7274482
7274481
7274491
7274492
7274494
7274495
7274485
7274486
7274488
7274487
7274511
7274513
7274514
7274515
7274542
7274543
7274541
7274507
7274509
7274508
7274510
7274535
7274547
7274545
7274546
7274544
7274496
7274498
7274500
7274501
7274489
7274490
7274402
7274418
7274419
7274420
7274391
7274390
7274392
7274389
7274403
7274404
7274397
7274394
7274395
7274396
7274398
7274405
7274421
7274422
7274423
7274424
7274425
7274426
7274427
7274428
7274406
7274399
7274429
7274430
7274432
7274410
7274411
7274413
7274407
7274433
7274444
7274434
7274435
7274414
7274415
7274436
7274437
7274438
7274401
7274408
7274409
7274439
7274440
7274416
7274417
7274441
7274442
7274443
7274444
7274434
7274445
7274763
7274764
7274795
7274796
7274718
7274719
7274721
7274730
7274731
7274789
7274790
7274765
7274766
7274767
7274769
7274770
7274771
7274747
7274748
7274732
7274733
7274734
7274736
7274631
7274823
7274632
7274826
7274749
7274737
7274738
7274740
7274741
7274742
7274750
7274751
7274753
7274677
7274797
7274678
7274798
7274799
7274679
7274828
7274800
7274801
7274803
7274804
7274816
7274817
7274818
7274819
7274722
7274723
7274724
7274791
7274792
7274772
7274773
7274754
7274755
7274726
7274727
7274829
7274832
7274833
7274774
7274775
7274776
7274729
7274777
7274778
7274756
7274757
7274758
7274762
7274805
7274806
7274807
7274808
7274809
7274779
7274780
7274781
7274782
7274820
7274821
7274759
7274760
7274793
7274794
7274822
7274744
7274745
7274827
7274783
7274784
7274785
7274786
7274787
7274788
7274646
7274647
7274666
7274667
7274668
7274626
7274627
7274714
7274669
7274670
7274671
7274680
7274693
7274694
7274652
7274642
7274653
7274684
7274685
7274686
7274687
7274643
7274644
7274657
7274659
7274660
7274636
7274638
7274631
7274823
7274632
7274826
7274692
7274712
7274633
7274634
7274677
7274797
7274678
7274798
7274799
7274679
7274654
7274655
7274656
7274681
7274688
7274689
7274639
7274652
7274641
7274642
7274648
7274649
7274650
7274700
7274701
7274702
7274709
7274710
7274711
7274692
7274712
7274713
7274696
7274698
7274699
7274705
7274706
7274707
7274708
7274703
7274704
7274691
7274657
7274659
7274658
7274630
7274636
7274682
7274716
7274717
7274664
7274665
7274628
7274629
7274562
7274563
7274564
7274565
7274566
7274548
7274550
7274551
7274552
7274502
7274505
7274506
7274504
7274567
7274568
7274569
7274483
7274484
7274482
7274481
7274491
7274492
7274494
7274495
7274485
7274486
7274488
7274487
7274570
7274572
7274571
7274511
7274513
7274514
7274515
7274542
7274543
7274541
7274507
7274509
7274508
7274510
7274535
7274547
7274545
7274546
7274544
7274573
7274576
7274575
7274578
7274496
7274498
7274500
7274501
7274489
7274490
7274763
7274764
7274795
7274796
7274718
7274719
7274721
7274730
7274731
7274789
7274790
7274765
7274766
7274767
7274769
7274770
7274771
7274747
7274748
7274732
7274733
7274734
7274736
7274631
7274823
7274632
7274826
7274749
7274737
7274738
7274740
7274741
7274742
7274750
7274751
7274753
7274677
7274797
7274678
7274798
7274799
7274679
7274828
7274800
7274801
7274803
7274804
7274816
7274817
7274818
7274819
7274722
7274723
7274724
7274791
7274792
7274772
7274773
7274754
7274755
7274726
7274727
7274829
7274832
7274833
7274774
7274775
7274776
7274729
7274777
7274778
7274756
7274757
7274758
7274762
7274805
7274806
7274807
7274808
7274809
7274779
7274780
7274781
7274782
7274820
7274821
7274759
7274760
7274793
7274794
7274822
7274744
7274745
7274827
7274783
7274784
7274785
7274786
7274787
7274788
7274646
7274647
7274666
7274667
7274668
7274626
7274627
7274714
7274669
7274670
7274671
7274680
7274693
7274694
7274652
7274642
7274653
7274684
7274685
7274686
7274687
7274643
7274644
7274657
7274659
7274660
7274636
7274638
7274631
7274823
7274632
7274826
7274692
7274712
7274633
7274634
7274677
7274797
7274678
7274798
7274799
7274679
7274654
7274655
7274656
7274681
7274688
7274689
7274639
7274652
7274641
7274642
7274648
7274649
7274650
7274700
7274701
7274702
7274709
7274710
7274711
7274692
7274712
7274713
7274696
7274698
7274699
7274705
7274706
7274707
7274708
7274703
7274704
7274691
7274657
7274659
7274658
7274630
7274636
7274682
7274716
7274717
7274664
7274665
7274628
7274629
7274548
7274550
7274551
7274552
7274502
7274505
7274506
7274504
7274483
7274484
7274482
7274481
7274491
7274492
7274494
7274495
7274485
7274486
7274488
7274487
7274511
7274513
7274514
7274515
7274542
7274543
7274541
7274507
7274509
7274508
7274510
7274535
7274547
7274545
7274546
7274544
7274496
7274498
7274500
7274501
7274489
7274490
7274402
7274418
7274419
7274420
7274391
7274390
7274392
7274389
7274403
7274404
7274397
7274394
7274395
7274396
7274398
7274405
7274421
7274422
7274423
7274424
7274425
7274426
7274427
7274428
7274406
7274399
7274429
7274430
7274432
7274410
7274411
7274413
7274407
7274433
7274444
7274434
7274435
7274414
7274415
7274436
7274437
7274438
7274401
7274408
7274409
7274439
7274440
7274416
7274417
7274441
7274442
7274469
7274470
7274443
7274444
7274434
7274445
7274471
7274472
7274763
7274764
7274795
7274796
7274718
7274719
7274721
7274730
7274731
7274789
7274790
7274765
7274766
7274767
7274769
7274770
7274771
7274747
7274748
7274732
7274733
7274734
7274736
7274631
7274823
7274632
7274826
7274749
7274737
7274738
7274740
7274741
7274742
7274750
7274751
7274753
7274677
7274797
7274678
7274798
7274799
7274679
7274828
7274800
7274801
7274803
7274804
7274816
7274817
7274818
7274819
7274722
7274723
7274724
7274791
7274792
7274772
7274773
7274754
7274755
7274726
7274727
7274829
7274832
7274833
7274774
7274775
7274776
7274729
7274777
7274778
7274756
7274757
7274758
7274762
7274805
7274806
7274807
7274808
7274809
7274779
7274780
7274781
7274782
7274820
7274821
7274759
7274760
7274793
7274794
7274822
7274744
7274745
7274827
7274783
7274784
7274785
7274786
7274787
7274788
7274646
7274647
7274666
7274667
7274668
7274626
7274627
7274714
7274669
7274670
7274671
7274680
7274693
7274694
7274652
7274642
7274653
7274684
7274685
7274686
7274687
7274643
7274644
7274657
7274659
7274660
7274636
7274638
7274631
7274823
7274632
7274826
7274692
7274712
7274633
7274634
7274677
7274797
7274678
7274798
7274799
7274679
7274654
7274655
7274656
7274681
7274688
7274689
7274639
7274652
7274641
7274642
7274648
7274649
7274650
7274700
7274701
7274702
7274709
7274710
7274711
7274692
7274712
7274713
7274696
7274698
7274699
7274705
7274706
7274707
7274708
7274703
7274704
7274691
7274657
7274659
7274658
7274630
7274636
7274682
7274716
7274717
7274664
7274665
7274628
7274629
7274548
7274550
7274551
7274552
7274502
7274505
7274506
7274504
7274483
7274484
7274482
7274481
7274491
7274492
7274494
7274495
7274485
7274486
7274488
7274487
7274511
7274513
7274514
7274515
7274535
7274547
7274536
7274537
7274540
7274542
7274543
7274541
7274507
7274509
7274508
7274510
7274535
7274547
7274545
7274546
7274544
7274496
7274498
7274500
7274501
7274557
7274558
7274559
7274560
7274489
7274490
7274763
7274764
7274795
7274796
7274718
7274719
7274721
7274730
7274731
7274789
7274790
7274765
7274766
7274767
7274769
7274770
7274771
7274747
7274748
7274732
7274733
7274734
7274736
7274631
7274823
7274632
7274826
7274749
7274737
7274738
7274740
7274741
7274742
7274750
7274751
7274753
7274677
7274797
7274678
7274798
7274799
7274679
7274828
7274800
7274801
7274803
7274804
7274816
7274817
7274818
7274819
7274722
7274723
7274724
7274791
7274792
7274772
7274773
7274754
7274755
7274726
7274727
7274829
7274832
7274833
7274774
7274775
7274776
7274729
7274777
7274778
7274756
7274757
7274758
7274762
7274805
7274806
7274807
7274808
7274809
7274779
7274780
7274781
7274782
7274820
7274821
7274759
7274760
7274793
7274794
7274822
7274744
7274745
7274827
7274783
7274784
7274785
7274786
7274787
7274788
7274646
7274647
7274666
7274667
7274668
7274626
7274627
7274714
7274669
7274670
7274671
7274680
7274693
7274694
7274652
7274642
7274653
7274684
7274685
7274686
7274687
7274643
7274644
7274657
7274659
7274660
7274636
7274638
7274631
7274823
7274632
7274826
7274692
7274712
7274633
7274634
7274677
7274797
7274678
7274798
7274799
7274679
7274654
7274655
7274656
7274681
7274688
7274689
7274639
7274652
7274641
7274642
7274648
7274649
7274650
7274700
7274701
7274702
7274709
7274710
7274711
7274692
7274712
7274713
7274696
7274698
7274699
7274705
7274706
7274707
7274708
7274703
7274704
7274691
7274657
7274659
7274658
7274630
7274636
7274682
7274716
7274717
7274664
7274665
7274628
7274629
7274391
7274390
7274392
7274389
7274397
7274394
7274395
7274396
7274398
7274399
7274401
7274548
7274550
7274551
7274552
7274502
7274505
7274506
7274504
7274483
7274484
7274482
7274481
7274491
7274492
7274494
7274495
7274485
7274486
7274488
7274487
7274511
7274513
7274514
7274515
7274535
7274547
7274536
7274537
7274540
7274542
7274543
7274541
7274507
7274509
7274508
7274510
7274535
7274547
7274545
7274546
7274544
7274496
7274498
7274500
7274501
7274489
7274490
7274402
7274418
7274419
7274420
7274403
7274404
7274405
7274421
7274422
7274423
7274424
7274425
7274426
7274427
7274428
7274406
7274429
7274430
7274432
7274410
7274411
7274413
7274407
7274433
7274444
7274434
7274435
7274414
7274415
7274436
7274437
7274438
7274408
7274409
7274439
7274440
7274416
7274417
7274441
7274442
7274443
7274444
7274434
7274445
7274763
7274764
7274795
7274796
7274718
7274719
7274721
7274730
7274731
7274789
7274790
7274765
7274766
7274767
7274769
7274770
7274771
7274747
7274748
7274732
7274733
7274734
7274736
7274631
7274823
7274632
7274826
7274749
7274737
7274738
7274740
7274741
7274742
7274750
7274751
7274753
7274677
7274797
7274678
7274798
7274799
7274679
7274828
7274800
7274801
7274803
7274804
7274816
7274817
7274818
7274819
7274722
7274723
7274724
7274791
7274792
7274772
7274773
7274754
7274755
7274726
7274727
7274829
7274832
7274833
7274774
7274775
7274776
7274729
7274777
7274778
7274756
7274757
7274758
7274762
7274805
7274806
7274807
7274808
7274809
7274779
7274780
7274781
7274782
7274820
7274821
7274759
7274760
7274793
7274794
7274822
7274744
7274745
7274827
7274783
7274784
7274785
7274786
7274787
7274788
7274646
7274647
7274666
7274667
7274668
7274626
7274627
7274714
7274669
7274670
7274671
7274680
7274693
7274694
7274652
7274642
7274653
7274684
7274685
7274686
7274687
7274643
7274644
7274657
7274659
7274660
7274636
7274638
7274631
7274823
7274632
7274826
7274692
7274712
7274633
7274634
7274677
7274797
7274678
7274798
7274799
7274679
7274654
7274655
7274656
7274681
7274688
7274689
7274639
7274652
7274641
7274642
7274648
7274649
7274650
7274700
7274701
7274702
7274709
7274710
7274711
7274692
7274712
7274713
7274696
7274698
7274699
7274705
7274706
7274707
7274708
7274703
7274704
7274691
7274657
7274659
7274658
7274630
7274636
7274682
7274716
7274717
7274664
7274665
7274628
7274629
7274763
7274764
7274795
7274796
7274718
7274719
7274721
7274730
7274731
7274789
7274790
7274765
7274766
7274767
7274769
7274770
7274771
7274747
7274748
7274732
7274733
7274734
7274736
7274631
7274823
7274632
7274826
7274749
7274810
7274737
7274738
7274740
7274741
7274742
7274750
7274751
7274753
7274677
7274797
7274678
7274798
7274799
7274679
7274828
7274800
7274801
7274803
7274804
7274816
7274817
7274818
7274819
7274722
7274723
7274724
7274791
7274792
7274772
7274773
7274754
7274755
7274726
7274727
7274829
7274832
7274833
7274774
7274775
7274776
7274729
7274777
7274778
7274756
7274757
7274758
7274762
7274805
7274806
7274807
7274808
7274809
7274779
7274780
7274781
7274782
7274820
7274821
7274759
7274760
7274793
7274794
7274822
7274744
7274745
7274811
7274812
7274813
7274814
7274827
7274783
7274784
7274785
7274786
7274787
7274788
7274646
7274647
7274666
7274667
7274668
7274626
7274627
7274714
7274669
7274670
7274671
7274680
7274693
7274694
7274652
7274642
7274653
7274684
7274685
7274686
7274687
7274643
7274644
7274657
7274659
7274660
7274636
7274638
7274631
7274823
7274632
7274826
7274692
7274712
7274633
7274634
7274677
7274797
7274678
7274798
7274799
7274679
7274654
7274655
7274656
7274681
7274688
7274689
7274639
7274652
7274641
7274642
7274648
7274649
7274650
7274700
7274701
7274702
7274709
7274710
7274711
7274692
7274712
7274713
7274696
7274698
7274699
7274705
7274706
7274707
7274708
7274703
7274704
7274691
7274657
7274659
7274658
7274630
7274636
7274682
7274716
7274717
7274664
7274665
7274628
7274629
7274391
7274390
7274392
7274389
7274397
7274394
7274395
7274396
7274398
7274399
7274401
7274548
7274550
7274551
7274552
7274502
7274505
7274506
7274504
7274483
7274484
7274482
7274481
7274491
7274492
7274494
7274495
7274485
7274486
7274488
7274487
7274511
7274513
7274514
7274515
7274535
7274547
7274536
7274537
7274540
7274542
7274543
7274541
7274507
7274509
7274508
7274510
7274535
7274547
7274545
7274546
7274544
7274573
7274576
7274575
7274578
7274496
7274498
7274500
7274501
7274489
7274490
7274402
7274418
7274419
7274420
7274403
7274404
7274405
7274421
7274422
7274423
7274424
7274425
7274426
7274427
7274428
7274406
7274429
7274430
7274432
7274410
7274411
7274413
7274407
7274433
7274444
7274434
7274435
7274414
7274415
7274436
7274437
7274438
7274408
7274409
7274439
7274440
7274416
7274417
7274441
7274442
7274443
7274444
7274434
7274445
7274763
7274764
7274795
7274796
7274718
7274719
7274721
7274730
7274731
7274789
7274790
7274765
7274766
7274767
7274769
7274770
7274771
7274747
7274748
7274732
7274733
7274734
7274736
7274631
7274823
7274632
7274826
7274749
7274810
7274737
7274738
7274740
7274741
7274742
7274750
7274751
7274753
7274677
7274797
7274678
7274798
7274799
7274679
7274828
7274800
7274801
7274803
7274804
7274816
7274817
7274818
7274819
7274722
7274723
7274724
7274791
7274792
7274772
7274773
7274754
7274755
7274726
7274727
7274829
7274832
7274833
7274774
7274775
7274776
7274729
7274777
7274778
7274756
7274757
7274758
7274762
7274805
7274806
7274807
7274808
7274809
7274779
7274780
7274781
7274782
7274820
7274821
7274759
7274760
7274793
7274794
7274822
7274744
7274745
7274811
7274812
7274813
7274814
7274827
7274783
7274784
7274785
7274786
7274787
7274788
7274646
7274647
7274666
7274667
7274668
7274626
7274627
7274714
7274669
7274670
7274671
7274680
7274693
7274694
7274652
7274642
7274653
7274684
7274685
7274686
7274687
7274643
7274644
7274657
7274659
7274660
7274636
7274638
7274631
7274823
7274632
7274826
7274692
7274712
7274633
7274634
7274677
7274797
7274678
7274798
7274799
7274679
7274654
7274655
7274656
7274681
7274688
7274689
7274639
7274652
7274641
7274642
7274648
7274649
7274650
7274700
7274701
7274702
7274709
7274710
7274711
7274692
7274712
7274713
7274696
7274698
7274699
7274705
7274706
7274707
7274708
7274703
7274704
7274691
7274657
7274659
7274658
7274630
7274636
7274682
7274716
7274717
7274664
7274665
7274628
7274629
7274763
7274764
7274795
7274796
7274718
7274719
7274721
7274730
7274731
7274789
7274790
7274765
7274766
7274767
7274769
7274770
7274771
7274747
7274748
7274732
7274733
7274734
7274736
7274631
7274823
7274632
7274826
7274749
7274810
7274737
7274738
7274740
7274741
7274742
7274750
7274751
7274753
7274677
7274797
7274678
7274798
7274799
7274679
7274828
7274800
7274801
7274803
7274804
7274816
7274817
7274818
7274819
7274722
7274723
7274724
7274791
7274792
7274772
7274773
7274754
7274755
7274726
7274727
7274829
7274832
7274833
7274774
7274775
7274776
7274729
7274777
7274778
7274756
7274757
7274758
7274762
7274805
7274806
7274807
7274808
7274809
7274779
7274780
7274781
7274782
7274820
7274821
7274759
7274760
7274793
7274794
7274822
7274744
7274745
7274811
7274812
7274813
7274814
7274827
7274783
7274784
7274785
7274786
7274787
7274788
7274646
7274647
7274666
7274667
7274668
7274626
7274627
7274714
7274669
7274670
7274671
7274680
7274693
7274694
7274652
7274642
7274653
7274684
7274685
7274686
7274687
7274643
7274644
7274657
7274659
7274660
7274636
7274638
7274631
7274823
7274632
7274826
7274692
7274712
7274633
7274634
7274677
7274797
7274678
7274798
7274799
7274679
7274654
7274655
7274656
7274681
7274688
7274689
7274639
7274652
7274641
7274642
7274648
7274649
7274650
7274700
7274701
7274702
7274709
7274710
7274711
7274692
7274712
7274713
7274696
7274698
7274699
7274705
7274706
7274707
7274708
7274703
7274704
7274691
7274657
7274659
7274658
7274630
7274636
7274682
7274716
7274717
7274664
7274665
7274628
7274629
7274398
7274597
7274598
7274599
7274601
7274600
7274602
7274604
7274605
7274607
7274562
7274563
7274564
7274565
7274566
7274548
7274550
7274551
7274552
7274588
7274589
7274590
7274591
7274530
7274531
7274533
7274534
7274502
7274505
7274506
7274504
7274520
7274522
7274524
7274525
7274594
7274593
7274595
7274596
7274579
7274580
7274581
7274582
7274567
7274568
7274569
7274483
7274484
7274482
7274481
7274527
7274528
7274529
7274526
7274491
7274492
7274494
7274495
7274609
7274610
7274612
7274611
7274583
7274585
7274586
7274587
7274485
7274486
7274488
7274487
7274570
7274572
7274571
7274511
7274513
7274514
7274515
7274535
7274547
7274536
7274537
7274540
7274542
7274543
7274541
7274507
7274509
7274508
7274510
7274535
7274547
7274545
7274546
7274544
7274496
7274498
7274500
7274501
7274557
7274558
7274559
7274560
7274489
7274490
7274614
7274613
7274615
7274616
7274473
7274475
7274402
7274418
7274419
7274420
7274391
7274390
7274392
7274389
7274476
7274403
7274404
7274446
7274450
7274447
7274448
7274449
7274397
7274394
7274395
7274396
7274398
7274405
7274468
7274421
7274422
7274423
7274424
7274425
7274426
7274427
7274428
7274477
7274478
7274479
7274480
7274406
7274399
7274429
7274430
7274432
7274451
7274452
7274453
7274454
7274455
7274456
7274459
7274462
7274410
7274411
7274413
7274407
7274433
7274444
7274434
7274435
7274414
7274415
7274463
7274465
7274401
7274408
7274409
7274439
7274440
7274416
7274417
7274441
7274442
7274469
7274470
7274443
7274444
7274434
7274445
7274466
7274467
7274471
7274472
7274763
7274764
7274795
7274796
7274718
7274719
7274721
7274730
7274731
7274789
7274790
7274765
7274766
7274767
7274769
7274770
7274771
7274747
7274748
7274732
7274733
7274734
7274736
7274631
7274823
7274632
7274826
7274749
7274810
7274737
7274738
7274740
7274741
7274742
7274750
7274751
7274753
7274677
7274797
7274678
7274798
7274799
7274679
7274828
7274800
7274801
7274803
7274804
7274816
7274817
7274818
7274819
7274722
7274723
7274724
7274791
7274792
7274772
7274773
7274754
7274755
7274726
7274727
7274829
7274832
7274833
7274774
7274775
7274776
7274729
7274777
7274778
7274756
7274757
7274758
7274762
7274805
7274806
7274807
7274808
7274809
7274834
7274835
7274779
7274780
7274781
7274782
7274820
7274821
7274759
7274760
7274793
7274794
7274822
7274744
7274745
7274811
7274812
7274813
7274814
7274827
7274783
7274784
7274785
7274786
7274787
7274788
7274646
7274647
7274666
7274667
7274668
7274626
7274627
7274714
7274669
7274670
7274671
7274680
7274693
7274694
7274652
7274642
7274653
7274684
7274685
7274686
7274687
7274643
7274644
7274657
7274659
7274660
7274636
7274638
7274631
7274823
7274632
7274826
7274692
7274712
7274633
7274634
7274677
7274797
7274678
7274798
7274799
7274679
7274672
7274673
7274674
7274675
7274654
7274655
7274656
7274681
7274688
7274689
7274639
7274652
7274641
7274642
7274648
7274649
7274650
7274700
7274701
7274702
7274709
7274710
7274711
7274692
7274712
7274713
7274696
7274698
7274699
7274705
7274706
7274707
7274708
7274703
7274704
7274691
7274676
7274657
7274659
7274658
7274630
7274636
7274682
7274716
7274717
7274664
7274665
7274628
7274629
7274548
7274550
7274551
7274552
7274483
7274484
7274482
7274481
7274485
7274486
7274488
7274487
7274511
7274513
7274514
7274515
7274535
7274547
7274536
7274537
7274540
7274535
7274547
7274545
7274546
7274544
7274763
7274764
7274718
7274719
7274721
7274730
7274731
7274789
7274790
7274747
7274748
7274732
7274733
7274734
7274736
7274631
7274823
7274632
7274826
7274749
7274737
7274738
7274740
7274741
7274742
7274677
7274797
7274678
7274798
7274799
7274679
7274828
7274816
7274817
7274818
7274819
7274722
7274723
7274724
7274772
7274773
7274754
7274755
7274726
7274727
7274829
7274832
7274833
7274774
7274775
7274776
7274729
7274777
7274778
7274756
7274757
7274758
7274762
7274779
7274780
7274781
7274782
7274759
7274760
7274793
7274794
7274744
7274745
7274827
7274783
7274784
7274785
7274786
7274787
7274788
7274643
7274644
7274631
7274823
7274632
7274826
7274633
7274634
7274677
7274797
7274678
7274798
7274799
7274679
7274688
7274639
7274652
7274641
7274642
7274648
7274649
7274650
7274705
7274706
7274707
7274708
7274657
7274659
7274658
7274630
7274636
7274502
7274505
7274506
7274504
7274483
7274484
7274482
7274481
7274491
7274492
7274494
7274495
7274485
7274486
7274488
7274487
7274511
7274513
7274514
7274515
7274542
7274543
7274541
7274507
7274509
7274508
7274510
7274535
7274547
7274545
7274546
7274544
7274769
7274770
7274771
7274749
7274677
7274797
7274678
7274798
7274799
7274679
7274816
7274817
7274818
7274819
7274772
7274773
7274774
7274775
7274776
7274729
7274777
7274778
7274756
7274757
7274758
7274834
7274835
7274759
7274760
7274827
7274783
7274784
7274785
7274786
7274787
7274788
7274646
7274647
7274626
7274627
7274643
7274644
7274636
7274638
7274633
7274634
7274677
7274797
7274678
7274798
7274799
7274679
7274654
7274655
7274656
7274688
7274689
7274639
7274652
7274641
7274642
7274657
7274659
7274658
7274630
7274636
7274483
7274484
7274482
7274481
7274491
7274492
7274494
7274495
7274485
7274486
7274488
7274487
7274511
7274513
7274514
7274515
7274542
7274543
7274541
7274507
7274509
7274508
7274510
7274535
7274547
7274545
7274546
7274544
7274402
7274418
7274419
7274420
7274403
7274404
7274446
7274450
7274447
7274448
7274449
7274405
7274468
7274425
7274426
7274427
7274428
7274406
7274429
7274430
7274432
7274410
7274411
7274413
7274407
7274414
7274415
7274436
7274437
7274438
7274439
7274440
7274441
7274442
7274443
7274444
7274434
7274445
7274466
7274467
7274769
7274770
7274771
7274749
7274677
7274797
7274678
7274798
7274799
7274679
7274816
7274817
7274818
7274819
7274772
7274773
7274774
7274775
7274776
7274729
7274777
7274778
7274756
7274757
7274758
7274834
7274835
7274759
7274760
7274827
7274783
7274784
7274785
7274786
7274787
7274788
7274646
7274647
7274626
7274627
7274391
7274390
7274392
7274389
7274643
7274644
7274636
7274638
7274397
7274394
7274395
7274396
7274398
7274633
7274634
7274677
7274797
7274678
7274798
7274799
7274679
7274654
7274655
7274656
7274688
7274689
7274639
7274652
7274641
7274642
7274657
7274659
7274658
7274630
7274636
7274562
7274563
7274564
7274565
7274566
7274548
7274550
7274551
7274552
7274617
7274618
7274619
7274620
7274502
7274505
7274506
7274504
7274483
7274484
7274482
7274481
7274491
7274492
7274494
7274495
7274485
7274486
7274488
7274487
7274511
7274513
7274514
7274515
7274535
7274547
7274536
7274537
7274540
7274542
7274543
7274541
7274535
7274547
7274545
7274546
7274544
7274496
7274498
7274500
7274501
7274763
7274764
7274718
7274719
7274721
7274730
7274731
7274789
7274790
7274769
7274770
7274771
7274747
7274748
7274732
7274733
7274734
7274736
7274631
7274823
7274632
7274826
7274749
7274737
7274738
7274740
7274741
7274742
7274750
7274751
7274753
7274677
7274797
7274678
7274798
7274799
7274679
7274828
7274800
7274801
7274803
7274804
7274816
7274817
7274818
7274819
7274722
7274723
7274724
7274791
7274792
7274772
7274773
7274754
7274755
7274726
7274727
7274829
7274832
7274833
7274774
7274775
7274776
7274729
7274777
7274778
7274756
7274757
7274758
7274762
7274805
7274806
7274807
7274808
7274809
7274834
7274835
7274779
7274780
7274781
7274782
7274820
7274821
7274759
7274760
7274793
7274794
7274822
7274744
7274745
7274827
7274783
7274784
7274785
7274786
7274787
7274788
7274646
7274647
7274626
7274627
7274652
7274642
7274653
7274643
7274644
7274657
7274659
7274660
7274636
7274638
7274631
7274823
7274632
7274826
7274633
7274634
7274677
7274797
7274678
7274798
7274799
7274679
7274672
7274673
7274674
7274675
7274654
7274655
7274656
7274688
7274689
7274639
7274652
7274641
7274642
7274648
7274649
7274650
7274705
7274706
7274707
7274708
7274657
7274659
7274658
7274630
7274636
7274682
7274628
7274629
7274597
7274598
7274599
7274601
7274600
7274602
7274604
7274605
7274607
7274502
7274505
7274506
7274504
7274516
7274517
7274518
7274519
7274483
7274484
7274482
7274481
7274535
7274547
7274536
7274537
7274540
7274542
7274543
7274541
7274573
7274576
7274575
7274578
7274796
7274730
7274731
7274789
7274790
7274631
7274823
7274632
7274826
7274749
7274800
7274801
7274803
7274804
7274816
7274817
7274818
7274819
7274729
7274756
7274757
7274758
7274759
7274760
7274744
7274745
7274783
7274784
7274785
7274786
7274787
7274788
7274476
7274597
7274598
7274599
7274601
7274600
7274602
7274604
7274605
7274607
7274502
7274505
7274506
7274504
7274516
7274517
7274518
7274519
7274483
7274484
7274482
7274481
7274535
7274547
7274536
7274537
7274540
7274542
7274543
7274541
7274573
7274576
7274575
7274578
7274796
7274730
7274731
7274789
7274790
7274631
7274823
7274632
7274826
7274749
7274800
7274801
7274803
7274804
7274816
7274817
7274818
7274819
7274729
7274756
7274757
7274758
7274759
7274760
7274744
7274745
7274783
7274784
7274785
7274786
7274787
7274788
7274483
7274484
7274482
7274481
7274491
7274492
7274494
7274495
7274485
7274486
7274488
7274487
7274511
7274513
7274514
7274515
7274542
7274543
7274541
7274507
7274509
7274508
7274510
7274535
7274547
7274545
7274546
7274544
7274769
7274770
7274771
7274749
7274677
7274797
7274678
7274798
7274799
7274679
7274816
7274817
7274818
7274819
7274772
7274773
7274774
7274775
7274776
7274729
7274777
7274778
7274756
7274757
7274758
7274834
7274835
7274759
7274760
7274827
7274783
7274784
7274785
7274786
7274787
7274788
7274646
7274647
7274626
7274627
7274643
7274644
7274636
7274638
7274633
7274634
7274677
7274797
7274678
7274798
7274799
7274679
7274654
7274655
7274656
7274688
7274689
7274639
7274652
7274641
7274642
7274657
7274659
7274658
7274630
7274636
7274562
7274563
7274564
7274565
7274566
7274548
7274550
7274551
7274552
7274617
7274618
7274619
7274620
7274502
7274505
7274506
7274504
7274483
7274484
7274482
7274481
7274491
7274492
7274494
7274495
7274485
7274486
7274488
7274487
7274511
7274513
7274514
7274515
7274535
7274547
7274536
7274537
7274540
7274542
7274543
7274541
7274535
7274547
7274545
7274546
7274544
7274496
7274498
7274500
7274501
7274763
7274764
7274718
7274719
7274721
7274730
7274731
7274789
7274790
7274769
7274770
7274771
7274747
7274748
7274732
7274733
7274734
7274736
7274631
7274823
7274632
7274826
7274749
7274737
7274738
7274740
7274741
7274742
7274750
7274751
7274753
7274677
7274797
7274678
7274798
7274799
7274679
7274828
7274800
7274801
7274803
7274804
7274816
7274817
7274818
7274819
7274722
7274723
7274724
7274791
7274792
7274772
7274773
7274754
7274755
7274726
7274727
7274829
7274832
7274833
7274774
7274775
7274776
7274729
7274777
7274778
7274756
7274757
7274758
7274762
7274805
7274806
7274807
7274808
7274809
7274834
7274835
7274779
7274780
7274781
7274782
7274759
7274760
7274793
7274794
7274744
7274745
7274827
7274783
7274784
7274785
7274786
7274787
7274788
7274646
7274647
7274626
7274627
7274652
7274642
7274653
7274643
7274644
7274657
7274659
7274660
7274636
7274638
7274631
7274823
7274632
7274826
7274633
7274634
7274677
7274797
7274678
7274798
7274799
7274679
7274672
7274673
7274674
7274675
7274654
7274655
7274656
7274688
7274689
7274639
7274652
7274641
7274642
7274648
7274649
7274650
7274705
7274706
7274707
7274708
7274657
7274659
7274658
7274630
7274636
7274682
7274628
7274629
7274548
7274550
7274551
7274552
7274502
7274505
7274506
7274504
7274483
7274484
7274482
7274481
7274485
7274486
7274488
7274487
7274511
7274513
7274514
7274515
7274542
7274543
7274541
7274507
7274509
7274508
7274510
7274535
7274547
7274545
7274546
7274544
7274473
7274475
7274402
7274418
7274419
7274420
7274476
7274403
7274404
7274446
7274450
7274447
7274448
7274449
7274397
7274394
7274395
7274396
7274398
7274405
7274425
7274426
7274427
7274428
7274479
7274480
7274406
7274451
7274452
7274453
7274454
7274410
7274407
7274433
7274444
7274434
7274435
7274408
7274409
7274443
7274444
7274434
7274445
7274466
7274467
7274763
7274764
7274718
7274719
7274721
7274730
7274731
7274789
7274790
7274732
7274733
7274734
7274736
7274631
7274823
7274632
7274826
7274749
7274737
7274738
7274740
7274741
7274742
7274828
7274816
7274817
7274818
7274819
7274722
7274723
7274724
7274772
7274773
7274754
7274755
7274726
7274727
7274774
7274775
7274776
7274729
7274777
7274778
7274756
7274757
7274758
7274762
7274779
7274780
7274781
7274782
7274759
7274760
7274744
7274745
7274827
7274783
7274784
7274785
7274786
7274787
7274788
7274714
7274669
7274670
7274671
7274693
7274694
7274631
7274823
7274632
7274826
7274692
7274712
7274633
7274634
7274677
7274797
7274678
7274798
7274799
7274679
7274681
7274639
7274652
7274641
7274642
7274700
7274701
7274702
7274709
7274710
7274711
7274692
7274712
7274713
7274696
7274698
7274699
7274705
7274706
7274707
7274708
7274676
7274630
7274636
7274628
7274629
7274548
7274550
7274551
7274552
7274502
7274505
7274506
7274504
7274483
7274484
7274482
7274481
7274485
7274486
7274488
7274487
7274511
7274513
7274514
7274515
7274542
7274543
7274541
7274507
7274509
7274508
7274510
7274535
7274547
7274545
7274546
7274544
7274473
7274475
7274402
7274418
7274419
7274420
7274476
7274403
7274404
7274446
7274450
7274447
7274448
7274449
7274397
7274394
7274395
7274396
7274398
7274405
7274425
7274426
7274427
7274428
7274479
7274480
7274406
7274451
7274452
7274453
7274454
7274410
7274407
7274433
7274444
7274434
7274435
7274408
7274409
7274443
7274444
7274434
7274445
7274466
7274467
7274763
7274764
7274718
7274719
7274721
7274730
7274731
7274789
7274790
7274732
7274733
7274734
7274736
7274631
7274823
7274632
7274826
7274749
7274737
7274738
7274740
7274741
7274742
7274828
7274816
7274817
7274818
7274819
7274722
7274723
7274724
7274772
7274773
7274754
7274755
7274726
7274727
7274774
7274775
7274776
7274729
7274777
7274778
7274756
7274757
7274758
7274762
7274779
7274780
7274781
7274782
7274759
7274760
7274744
7274745
7274827
7274783
7274784
7274785
7274786
7274787
7274788
7274714
7274669
7274670
7274671
7274693
7274694
7274631
7274823
7274632
7274826
7274692
7274712
7274633
7274634
7274677
7274797
7274678
7274798
7274799
7274679
7274681
7274639
7274652
7274641
7274642
7274700
7274701
7274702
7274709
7274710
7274711
7274692
7274712
7274713
7274696
7274698
7274699
7274705
7274706
7274707
7274708
7274676
7274630
7274636
7274628
7274629
7274548
7274550
7274551
7274552
7274502
7274505
7274506
7274504
7274483
7274484
7274482
7274481
7274485
7274486
7274488
7274487
7274511
7274513
7274514
7274515
7274542
7274543
7274541
7274507
7274509
7274508
7274510
7274535
7274547
7274545
7274546
7274544
7274473
7274475
7274402
7274418
7274419
7274420
7274476
7274403
7274404
7274446
7274450
7274447
7274448
7274449
7274397
7274394
7274395
7274396
7274398
7274405
7274425
7274426
7274427
7274428
7274479
7274480
7274406
7274451
7274452
7274453
7274454
7274410
7274407
7274433
7274444
7274434
7274435
7274408
7274409
7274443
7274444
7274434
7274445
7274466
7274467
7274763
7274764
7274718
7274719
7274721
7274730
7274731
7274789
7274790
7274732
7274733
7274734
7274736
7274631
7274823
7274632
7274826
7274749
7274737
7274738
7274740
7274741
7274742
7274828
7274816
7274817
7274818
7274819
7274722
7274723
7274724
7274772
7274773
7274754
7274755
7274726
7274727
7274774
7274775
7274776
7274729
7274777
7274778
7274756
7274757
7274758
7274762
7274779
7274780
7274781
7274782
7274759
7274760
7274744
7274745
7274827
7274783
7274784
7274785
7274786
7274787
7274788
7274714
7274669
7274670
7274671
7274693
7274694
7274631
7274823
7274632
7274826
7274692
7274712
7274633
7274634
7274677
7274797
7274678
7274798
7274799
7274679
7274681
7274639
7274652
7274641
7274642
7274700
7274701
7274702
7274709
7274710
7274711
7274692
7274712
7274713
7274696
7274698
7274699
7274705
7274706
7274707
7274708
7274676
7274630
7274636
7274628
7274629
7274473
7274475
7274402
7274418
7274419
7274420
7274391
7274390
7274392
7274389
7274476
7274403
7274404
7274446
7274450
7274447
7274448
7274449
7274397
7274394
7274395
7274396
7274398
7274405
7274468
7274421
7274422
7274423
7274424
7274425
7274426
7274427
7274428
7274477
7274478
7274479
7274480
7274406
7274399
7274429
7274430
7274432
7274451
7274452
7274453
7274454
7274455
7274456
7274459
7274462
7274410
7274411
7274413
7274407
7274433
7274444
7274434
7274435
7274414
7274415
7274436
7274437
7274438
7274463
7274465
7274401
7274408
7274409
7274439
7274440
7274416
7274417
7274441
7274442
7274469
7274470
7274443
7274444
7274434
7274445
7274466
7274467
7274471
7274472
7274763
7274764
7274795
7274796
7274718
7274719
7274721
7274730
7274731
7274789
7274790
7274765
7274766
7274767
7274769
7274770
7274771
7274747
7274748
7274732
7274733
7274734
7274736
7274631
7274823
7274632
7274826
7274749
7274810
7274737
7274738
7274740
7274741
7274742
7274750
7274751
7274753
7274677
7274797
7274678
7274798
7274799
7274679
7274828
7274800
7274801
7274803
7274804
7274816
7274817
7274818
7274819
7274722
7274723
7274724
7274791
7274792
7274772
7274773
7274754
7274755
7274726
7274727
7274829
7274832
7274833
7274774
7274775
7274776
7274729
7274777
7274778
7274756
7274757
7274758
7274762
7274805
7274806
7274807
7274808
7274809
7274834
7274835
7274779
7274780
7274781
7274782
7274820
7274821
7274759
7274760
7274793
7274794
7274822
7274744
7274745
7274811
7274812
7274813
7274814
7274827
7274783
7274784
7274785
7274786
7274787
7274788
7274646
7274647
7274666
7274667
7274668
7274626
7274627
7274714
7274669
7274670
7274671
7274680
7274693
7274694
7274652
7274642
7274653
7274684
7274685
7274686
7274687
7274643
7274644
7274657
7274659
7274660
7274636
7274638
7274631
7274823
7274632
7274826
7274692
7274712
7274633
7274634
7274677
7274797
7274678
7274798
7274799
7274679
7274672
7274673
7274674
7274675
7274654
7274655
7274656
7274681
7274688
7274689
7274639
7274652
7274641
7274642
7274648
7274649
7274650
7274700
7274701
7274702
7274709
7274710
7274711
7274692
7274712
7274713
7274696
7274698
7274699
7274705
7274706
7274707
7274708
7274703
7274704
7274691
7274676
7274657
7274659
7274658
7274630
7274636
7274682
7274716
7274717
7274664
7274665
7274628
7274629
7274548
7274550
7274551
7274552
7274483
7274484
7274482
7274481
7274485
7274486
7274488
7274487
7274511
7274513
7274514
7274515
7274535
7274547
7274536
7274537
7274540
7274535
7274547
7274545
7274546
7274544
7274763
7274764
7274718
7274719
7274721
7274730
7274731
7274789
7274790
7274732
7274733
7274734
7274736
7274631
7274823
7274632
7274826
7274749
7274737
7274738
7274740
7274741
7274742
7274677
7274797
7274678
7274798
7274799
7274679
7274828
7274816
7274817
7274818
7274819
7274722
7274723
7274724
7274772
7274773
7274754
7274755
7274726
7274727
7274829
7274832
7274833
7274774
7274775
7274776
7274729
7274777
7274778
7274756
7274757
7274758
7274762
7274779
7274780
7274781
7274782
7274759
7274760
7274793
7274794
7274744
7274745
7274827
7274783
7274784
7274785
7274786
7274787
7274788
7274643
7274644
7274631
7274823
7274632
7274826
7274633
7274634
7274677
7274797
7274678
7274798
7274799
7274679
7274688
7274639
7274652
7274641
7274642
7274648
7274649
7274650
7274705
7274706
7274707
7274708
7274657
7274659
7274658
7274630
7274636
7274763
7274764
7274718
7274719
7274721
7274730
7274731
7274789
7274790
7274732
7274733
7274734
7274736
7274631
7274823
7274632
7274826
7274749
7274737
7274738
7274740
7274741
7274742
7274828
7274816
7274817
7274818
7274819
7274722
7274723
7274724
7274772
7274773
7274754
7274755
7274726
7274727
7274829
7274832
7274833
7274774
7274775
7274776
7274729
7274777
7274778
7274756
7274757
7274758
7274762
7274779
7274780
7274781
7274782
7274759
7274760
7274793
7274794
7274744
7274745
7274827
7274783
7274784
7274785
7274786
7274787
7274788
7274473
7274475
7274402
7274418
7274419
7274420
7274391
7274390
7274392
7274389
7274476
7274403
7274404
7274446
7274450
7274447
7274448
7274449
7274397
7274394
7274395
7274396
7274398
7274405
7274468
7274421
7274422
7274423
7274424
7274425
7274426
7274427
7274428
7274479
7274480
7274406
7274399
7274451
7274452
7274453
7274454
7274455
7274456
7274459
7274462
7274410
7274407
7274433
7274444
7274434
7274435
7274436
7274437
7274438
7274401
7274408
7274409
7274439
7274440
7274443
7274444
7274434
7274445
7274466
7274467
7274666
7274667
7274668
7274714
7274669
7274670
7274671
7274693
7274694
7274631
7274823
7274632
7274826
7274633
7274634
7274681
7274688
7274709
7274710
7274711
7274692
7274712
7274713
7274696
7274698
7274699
7274705
7274706
7274707
7274708
7274676
7274657
7274659
7274658
7274630
7274636
7274682
7274628
7274629
7274763
7274764
7274718
7274719
7274721
7274730
7274731
7274789
7274790
7274732
7274733
7274734
7274736
7274631
7274823
7274632
7274826
7274749
7274737
7274738
7274740
7274741
7274742
7274828
7274816
7274817
7274818
7274819
7274722
7274723
7274724
7274772
7274773
7274754
7274755
7274726
7274727
7274829
7274832
7274833
7274774
7274775
7274776
7274729
7274777
7274778
7274756
7274757
7274758
7274762
7274779
7274780
7274781
7274782
7274759
7274760
7274793
7274794
7274744
7274745
7274827
7274783
7274784
7274785
7274786
7274787
7274788
7274473
7274475
7274402
7274418
7274419
7274420
7274391
7274390
7274392
7274389
7274476
7274403
7274404
7274446
7274450
7274447
7274448
7274449
7274397
7274394
7274395
7274396
7274398
7274405
7274468
7274421
7274422
7274423
7274424
7274425
7274426
7274427
7274428
7274479
7274480
7274406
7274399
7274429
7274430
7274432
7274451
7274452
7274453
7274454
7274455
7274456
7274459
7274462
7274410
7274407
7274433
7274444
7274434
7274435
7274436
7274437
7274438
7274408
7274409
7274439
7274440
7274443
7274444
7274434
7274445
7274466
7274467
7274666
7274667
7274668
7274714
7274669
7274670
7274671
7274693
7274694
7274631
7274823
7274632
7274826
7274633
7274634
7274681
7274688
7274709
7274710
7274711
7274692
7274712
7274713
7274696
7274698
7274699
7274705
7274706
7274707
7274708
7274676
7274657
7274659
7274658
7274630
7274636
7274682
7274628
7274629
7274473
7274475
7274402
7274418
7274419
7274420
7274391
7274390
7274392
7274389
7274476
7274403
7274404
7274446
7274450
7274447
7274448
7274449
7274397
7274394
7274395
7274396
7274398
7274405
7274468
7274477
7274478
7274479
7274480
7274406
7274399
7274451
7274452
7274453
7274454
7274455
7274456
7274459
7274462
7274410
7274407
7274463
7274465
7274401
7274408
7274409
7274443
7274444
7274434
7274445
7274466
7274467
7274471
7274472
7274646
7274647
7274666
7274667
7274668
7274626
7274627
7274714
7274669
7274670
7274671
7274680
7274693
7274694
7274684
7274685
7274686
7274687
7274657
7274659
7274660
7274636
7274638
7274631
7274823
7274632
7274826
7274633
7274634
7274672
7274673
7274674
7274675
7274681
7274688
7274689
7274639
7274652
7274641
7274642
7274700
7274701
7274702
7274709
7274710
7274711
7274692
7274712
7274713
7274696
7274698
7274699
7274705
7274706
7274707
7274708
7274676
7274657
7274659
7274658
7274630
7274636
7274682
7274716
7274717
7274664
7274665
7274628
7274629
7274763
7274764
7274795
7274796
7274718
7274719
7274721
7274730
7274731
7274789
7274790
7274769
7274770
7274771
7274732
7274733
7274734
7274736
7274631
7274823
7274632
7274826
7274749
7274810
7274737
7274738
7274740
7274741
7274742
7274750
7274751
7274753
7274828
7274800
7274801
7274803
7274804
7274816
7274817
7274818
7274819
7274722
7274723
7274724
7274791
7274792
7274772
7274773
7274754
7274755
7274726
7274727
7274829
7274832
7274833
7274774
7274775
7274776
7274729
7274777
7274778
7274756
7274757
7274758
7274762
7274805
7274806
7274807
7274808
7274809
7274834
7274835
7274779
7274780
7274781
7274782
7274820
7274821
7274759
7274760
7274793
7274794
7274822
7274744
7274745
7274827
7274783
7274784
7274785
7274786
7274787
7274788
7274473
7274475
7274402
7274418
7274419
7274420
7274391
7274390
7274392
7274389
7274476
7274403
7274404
7274446
7274450
7274447
7274448
7274449
7274397
7274394
7274395
7274396
7274398
7274405
7274468
7274477
7274478
7274479
7274480
7274406
7274399
7274451
7274452
7274453
7274454
7274455
7274456
7274459
7274462
7274410
7274407
7274463
7274465
7274401
7274408
7274409
7274443
7274444
7274434
7274445
7274466
7274467
7274471
7274472
7274646
7274647
7274666
7274667
7274668
7274626
7274627
7274714
7274669
7274670
7274671
7274680
7274693
7274694
7274684
7274685
7274686
7274687
7274657
7274659
7274660
7274636
7274638
7274631
7274823
7274632
7274826
7274633
7274634
7274672
7274673
7274674
7274675
7274681
7274688
7274689
7274639
7274652
7274641
7274642
7274700
7274701
7274702
7274709
7274710
7274711
7274692
7274712
7274713
7274696
7274698
7274699
7274705
7274706
7274707
7274708
7274676
7274657
7274659
7274658
7274630
7274636
7274682
7274716
7274717
7274664
7274665
7274628
7274629
7274763
7274764
7274795
7274796
7274718
7274719
7274721
7274730
7274731
7274789
7274790
7274769
7274770
7274771
7274732
7274733
7274734
7274736
7274631
7274823
7274632
7274826
7274749
7274810
7274737
7274738
7274740
7274741
7274742
7274750
7274751
7274753
7274828
7274800
7274801
7274803
7274804
7274816
7274817
7274818
7274819
7274722
7274723
7274724
7274791
7274792
7274772
7274773
7274754
7274755
7274726
7274727
7274829
7274832
7274833
7274774
7274775
7274776
7274729
7274777
7274778
7274756
7274757
7274758
7274762
7274805
7274806
7274807
7274808
7274809
7274834
7274835
7274779
7274780
7274781
7274782
7274820
7274821
7274759
7274760
7274793
7274794
7274822
7274744
7274745
7274827
7274783
7274784
7274785
7274786
7274787
7274788
7274548
7274550
7274551
7274552
7274502
7274505
7274506
7274504
7274483
7274484
7274482
7274481
7274491
7274492
7274494
7274495
7274485
7274486
7274488
7274487
7274511
7274513
7274514
7274515
7274535
7274547
7274536
7274537
7274540
7274542
7274543
7274541
7274507
7274509
7274508
7274510
7274535
7274547
7274545
7274546
7274544
7274496
7274498
7274500
7274501
7274489
7274490
7274402
7274418
7274419
7274420
7274391
7274390
7274392
7274389
7274403
7274404
7274397
7274394
7274395
7274396
7274398
7274405
7274421
7274422
7274423
7274424
7274425
7274426
7274427
7274428
7274406
7274399
7274429
7274430
7274432
7274410
7274411
7274413
7274407
7274433
7274444
7274434
7274435
7274414
7274415
7274436
7274437
7274438
7274401
7274408
7274409
7274439
7274440
7274416
7274417
7274441
7274442
7274443
7274444
7274434
7274445
7274763
7274764
7274795
7274796
7274718
7274719
7274721
7274730
7274731
7274789
7274790
7274765
7274766
7274767
7274769
7274770
7274771
7274747
7274748
7274732
7274733
7274734
7274736
7274749
7274737
7274738
7274740
7274741
7274742
7274750
7274751
7274753
7274677
7274797
7274678
7274798
7274799
7274679
7274828
7274800
7274801
7274803
7274804
7274816
7274817
7274818
7274819
7274722
7274723
7274724
7274791
7274792
7274772
7274773
7274754
7274755
7274726
7274727
7274829
7274832
7274833
7274774
7274775
7274776
7274729
7274777
7274778
7274756
7274757
7274758
7274762
7274805
7274806
7274807
7274808
7274809
7274779
7274780
7274781
7274782
7274820
7274821
7274759
7274760
7274793
7274794
7274822
7274744
7274745
7274827
7274783
7274784
7274785
7274786
7274787
7274788
7274646
7274647
7274666
7274667
7274668
7274626
7274627
7274714
7274669
7274670
7274671
7274680
7274693
7274694
7274652
7274642
7274653
7274684
7274685
7274686
7274687
7274643
7274644
7274657
7274659
7274660
7274636
7274638
7274631
7274823
7274632
7274826
7274692
7274712
7274633
7274634
7274677
7274797
7274678
7274798
7274799
7274679
7274672
7274673
7274674
7274675
7274654
7274655
7274656
7274681
7274688
7274689
7274639
7274652
7274641
7274642
7274648
7274649
7274650
7274700
7274701
7274702
7274709
7274710
7274711
7274692
7274712
7274713
7274696
7274698
7274699
7274705
7274706
7274707
7274708
7274703
7274704
7274691
7274657
7274659
7274658
7274630
7274636
7274682
7274716
7274717
7274664
7274665
7274628
7274629
7274597
7274598
7274599
7274601
7274600
7274602
7274604
7274605
7274607
7274548
7274550
7274551
7274552
7274588
7274589
7274590
7274591
7274502
7274505
7274506
7274504
7274594
7274593
7274595
7274596
7274579
7274580
7274581
7274582
7274483
7274484
7274482
7274481
7274491
7274492
7274494
7274495
7274609
7274610
7274612
7274611
7274583
7274585
7274586
7274587
7274485
7274486
7274488
7274487
7274511
7274513
7274514
7274515
7274535
7274547
7274536
7274537
7274540
7274542
7274543
7274541
7274507
7274509
7274508
7274510
7274535
7274547
7274545
7274546
7274544
7274496
7274498
7274500
7274501
7274557
7274558
7274559
7274560
7274489
7274490
7274614
7274613
7274615
7274616
7274763
7274764
7274795
7274796
7274718
7274719
7274721
7274730
7274731
7274789
7274790
7274765
7274766
7274767
7274769
7274770
7274771
7274747
7274748
7274732
7274733
7274734
7274736
7274631
7274823
7274632
7274826
7274749
7274810
7274737
7274738
7274740
7274741
7274742
7274750
7274751
7274753
7274677
7274797
7274678
7274798
7274799
7274679
7274828
7274800
7274801
7274803
7274804
7274816
7274817
7274818
7274819
7274722
7274723
7274724
7274791
7274792
7274772
7274773
7274754
7274755
7274726
7274727
7274829
7274832
7274833
7274774
7274775
7274776
7274729
7274777
7274778
7274756
7274757
7274758
7274762
7274805
7274806
7274807
7274808
7274809
7274779
7274780
7274781
7274782
7274820
7274821
7274759
7274760
7274793
7274794
7274822
7274744
7274745
7274811
7274812
7274813
7274814
7274827
7274783
7274784
7274785
7274786
7274787
7274788
7274646
7274647
7274666
7274667
7274668
7274626
7274627
7274714
7274669
7274670
7274671
7274680
7274693
7274694
7274652
7274642
7274653
7274684
7274685
7274686
7274687
7274643
7274644
7274657
7274659
7274660
7274636
7274638
7274631
7274823
7274632
7274826
7274692
7274712
7274633
7274634
7274677
7274797
7274678
7274798
7274799
7274679
7274654
7274655
7274656
7274681
7274688
7274689
7274639
7274652
7274641
7274642
7274648
7274649
7274650
7274700
7274701
7274702
7274709
7274710
7274711
7274692
7274712
7274713
7274696
7274698
7274699
7274705
7274706
7274707
7274708
7274703
7274704
7274691
7274657
7274659
7274658
7274630
7274636
7274682
7274716
7274717
7274664
7274665
7274628
7274629
7274548
7274550
7274551
7274552
7274502
7274505
7274506
7274504
7274483
7274484
7274482
7274481
7274491
7274492
7274494
7274495
7274485
7274486
7274488
7274487
7274511
7274513
7274514
7274515
7274535
7274547
7274536
7274537
7274540
7274542
7274543
7274541
7274507
7274509
7274508
7274510
7274535
7274547
7274545
7274546
7274544
7274496
7274498
7274500
7274501
7274489
7274490
7274402
7274418
7274419
7274420
7274391
7274390
7274392
7274389
7274403
7274404
7274397
7274394
7274395
7274396
7274398
7274405
7274421
7274422
7274423
7274424
7274425
7274426
7274427
7274428
7274406
7274399
7274429
7274430
7274432
7274410
7274411
7274413
7274407
7274433
7274444
7274434
7274435
7274414
7274415
7274436
7274437
7274438
7274401
7274408
7274409
7274439
7274440
7274416
7274417
7274441
7274442
7274443
7274444
7274434
7274445
7274763
7274764
7274795
7274796
7274718
7274719
7274721
7274730
7274731
7274789
7274790
7274765
7274766
7274767
7274769
7274770
7274771
7274747
7274748
7274732
7274733
7274734
7274736
7274631
7274823
7274632
7274826
7274749
7274737
7274738
7274740
7274741
7274742
7274750
7274751
7274753
7274677
7274797
7274678
7274798
7274799
7274679
7274828
7274800
7274801
7274803
7274804
7274816
7274817
7274818
7274819
7274722
7274723
7274724
7274791
7274792
7274772
7274773
7274754
7274755
7274726
7274727
7274829
7274832
7274833
7274774
7274775
7274776
7274729
7274777
7274778
7274756
7274757
7274758
7274762
7274805
7274806
7274807
7274808
7274809
7274779
7274780
7274781
7274782
7274820
7274821
7274759
7274760
7274793
7274794
7274822
7274744
7274745
7274827
7274783
7274784
7274785
7274786
7274787
7274788
7274646
7274647
7274666
7274667
7274668
7274626
7274627
7274714
7274669
7274670
7274671
7274680
7274693
7274694
7274652
7274642
7274653
7274684
7274685
7274686
7274687
7274643
7274644
7274657
7274659
7274660
7274636
7274638
7274631
7274823
7274632
7274826
7274692
7274712
7274633
7274634
7274677
7274797
7274678
7274798
7274799
7274679
7274672
7274673
7274674
7274675
7274654
7274655
7274656
7274681
7274688
7274689
7274639
7274652
7274641
7274642
7274648
7274649
7274650
7274700
7274701
7274702
7274709
7274710
7274711
7274692
7274712
7274713
7274696
7274698
7274699
7274705
7274706
7274707
7274708
7274703
7274704
7274691
7274657
7274659
7274658
7274630
7274636
7274682
7274716
7274717
7274664
7274665
7274628
7274629
7274562
7274563
7274564
7274565
7274566
7274548
7274550
7274551
7274552
7274502
7274505
7274506
7274504
7274567
7274568
7274569
7274483
7274484
7274482
7274481
7274491
7274492
7274494
7274495
7274485
7274486
7274488
7274487
7274570
7274572
7274571
7274511
7274513
7274514
7274515
7274535
7274547
7274536
7274537
7274540
7274542
7274543
7274541
7274507
7274509
7274508
7274510
7274535
7274547
7274545
7274546
7274544
7274496
7274498
7274500
7274501
7274557
7274558
7274559
7274560
7274489
7274490
7274763
7274764
7274795
7274796
7274718
7274719
7274721
7274730
7274731
7274789
7274790
7274765
7274766
7274767
7274769
7274770
7274771
7274747
7274748
7274732
7274733
7274734
7274736
7274631
7274823
7274632
7274826
7274749
7274810
7274737
7274738
7274740
7274741
7274742
7274750
7274751
7274753
7274677
7274797
7274678
7274798
7274799
7274679
7274828
7274800
7274801
7274803
7274804
7274816
7274817
7274818
7274819
7274722
7274723
7274724
7274791
7274792
7274772
7274773
7274754
7274755
7274726
7274727
7274829
7274832
7274833
7274774
7274775
7274776
7274729
7274777
7274778
7274756
7274757
7274758
7274762
7274805
7274806
7274807
7274808
7274809
7274779
7274780
7274781
7274782
7274820
7274821
7274759
7274760
7274793
7274794
7274822
7274744
7274745
7274811
7274812
7274813
7274814
7274827
7274783
7274784
7274785
7274786
7274787
7274788
7274646
7274647
7274666
7274667
7274668
7274626
7274627
7274714
7274669
7274670
7274671
7274680
7274693
7274694
7274652
7274642
7274653
7274684
7274685
7274686
7274687
7274643
7274644
7274657
7274659
7274660
7274636
7274638
7274631
7274823
7274632
7274826
7274692
7274712
7274633
7274634
7274677
7274797
7274678
7274798
7274799
7274679
7274654
7274655
7274656
7274681
7274688
7274689
7274639
7274652
7274641
7274642
7274648
7274649
7274650
7274700
7274701
7274702
7274709
7274710
7274711
7274692
7274712
7274713
7274696
7274698
7274699
7274705
7274706
7274707
7274708
7274703
7274704
7274691
7274657
7274659
7274658
7274630
7274636
7274682
7274716
7274717
7274664
7274665
7274628
7274629
7274597
7274598
7274599
7274601
7274600
7274602
7274604
7274605
7274607
7274562
7274563
7274564
7274565
7274566
7274548
7274550
7274551
7274552
7274588
7274589
7274590
7274591
7274617
7274618
7274619
7274620
7274502
7274505
7274506
7274504
7274594
7274593
7274595
7274596
7274579
7274580
7274581
7274582
7274567
7274568
7274569
7274483
7274484
7274482
7274481
7274491
7274492
7274494
7274495
7274609
7274610
7274612
7274611
7274583
7274585
7274586
7274587
7274485
7274486
7274488
7274487
7274570
7274572
7274571
7274511
7274513
7274514
7274515
7274535
7274547
7274536
7274537
7274540
7274542
7274543
7274541
7274507
7274509
7274508
7274510
7274535
7274547
7274545
7274546
7274544
7274496
7274498
7274500
7274501
7274489
7274490
7274614
7274613
7274615
7274616
7274473
7274475
7274402
7274418
7274419
7274420
7274391
7274390
7274392
7274389
7274476
7274403
7274404
7274446
7274450
7274447
7274448
7274449
7274397
7274394
7274395
7274396
7274398
7274405
7274468
7274421
7274422
7274423
7274424
7274425
7274426
7274427
7274428
7274477
7274478
7274479
7274480
7274406
7274399
7274429
7274430
7274432
7274451
7274452
7274453
7274454
7274455
7274456
7274459
7274462
7274410
7274411
7274413
7274407
7274433
7274444
7274434
7274435
7274414
7274415
7274463
7274465
7274401
7274408
7274409
7274439
7274440
7274416
7274417
7274441
7274442
7274469
7274470
7274443
7274444
7274434
7274445
7274466
7274467
7274471
7274472
7274763
7274764
7274795
7274796
7274718
7274719
7274721
7274730
7274731
7274789
7274790
7274765
7274766
7274767
7274769
7274770
7274771
7274747
7274748
7274732
7274733
7274734
7274736
7274631
7274823
7274632
7274826
7274749
7274810
7274737
7274738
7274740
7274741
7274742
7274750
7274751
7274753
7274677
7274797
7274678
7274798
7274799
7274679
7274828
7274800
7274801
7274803
7274804
7274816
7274817
7274818
7274819
7274722
7274723
7274724
7274791
7274792
7274772
7274773
7274754
7274755
7274726
7274727
7274829
7274832
7274833
7274774
7274775
7274776
7274729
7274777
7274778
7274756
7274757
7274758
7274762
7274805
7274806
7274807
7274808
7274809
7274834
7274835
7274779
7274780
7274781
7274782
7274820
7274821
7274759
7274760
7274793
7274794
7274822
7274744
7274745
7274811
7274812
7274813
7274814
7274827
7274783
7274784
7274785
7274786
7274787
7274788
7274646
7274647
7274666
7274667
7274668
7274626
7274627
7274714
7274669
7274670
7274671
7274680
7274693
7274694
7274652
7274642
7274653
7274684
7274685
7274686
7274687
7274643
7274644
7274657
7274659
7274660
7274636
7274638
7274631
7274823
7274632
7274826
7274692
7274712
7274633
7274634
7274677
7274797
7274678
7274798
7274799
7274679
7274672
7274673
7274674
7274675
7274654
7274655
7274656
7274681
7274688
7274689
7274639
7274652
7274641
7274642
7274648
7274649
7274650
7274700
7274701
7274702
7274709
7274710
7274711
7274692
7274712
7274713
7274696
7274698
7274699
7274705
7274706
7274707
7274708
7274703
7274704
7274691
7274676
7274657
7274659
7274658
7274630
7274636
7274682
7274716
7274717
7274664
7274665
7274628
7274629
7274502
7274505
7274506
7274504
7274483
7274484
7274482
7274481
7274491
7274492
7274494
7274495
7274485
7274486
7274488
7274487
7274511
7274513
7274514
7274515
7274535
7274547
7274536
7274537
7274540
7274542
7274543
7274541
7274507
7274509
7274508
7274510
7274535
7274547
7274545
7274546
7274544
7274796
7274730
7274731
7274769
7274770
7274771
7274749
7274737
7274738
7274740
7274741
7274742
7274800
7274801
7274803
7274804
7274816
7274817
7274818
7274819
7274772
7274773
7274774
7274775
7274776
7274729
7274777
7274778
7274756
7274757
7274758
7274834
7274835
7274759
7274760
7274744
7274745
7274827
7274783
7274784
7274785
7274786
7274787
7274788
7274562
7274563
7274564
7274565
7274566
7274548
7274550
7274551
7274552
7274617
7274618
7274619
7274620
7274502
7274505
7274506
7274504
7274483
7274484
7274482
7274481
7274491
7274492
7274494
7274495
7274553
7274554
7274555
7274556
7274485
7274486
7274488
7274487
7274511
7274513
7274514
7274515
7274535
7274547
7274536
7274537
7274540
7274542
7274543
7274541
7274507
7274509
7274508
7274510
7274535
7274547
7274545
7274546
7274544
7274573
7274576
7274575
7274578
7274496
7274498
7274500
7274501
7274557
7274558
7274559
7274560
7274621
7274623
7274624
7274625
7274473
7274475
7274402
7274418
7274419
7274420
7274391
7274390
7274392
7274389
7274476
7274403
7274404
7274446
7274450
7274447
7274448
7274449
7274397
7274394
7274395
7274396
7274398
7274405
7274468
7274477
7274478
7274479
7274480
7274406
7274399
7274451
7274452
7274453
7274454
7274455
7274456
7274459
7274462
7274410
7274407
7274463
7274465
7274401
7274408
7274409
7274443
7274444
7274434
7274445
7274466
7274467
7274471
7274472
7274646
7274647
7274666
7274667
7274668
7274626
7274627
7274669
7274670
7274671
7274680
7274684
7274685
7274686
7274687
7274657
7274659
7274660
7274636
7274638
7274631
7274823
7274632
7274826
7274633
7274634
7274672
7274673
7274674
7274675
7274681
7274688
7274689
7274639
7274652
7274641
7274642
7274705
7274706
7274707
7274708
7274676
7274657
7274659
7274658
7274630
7274636
7274682
7274664
7274665
7274628
7274629
7274763
7274764
7274795
7274796
7274718
7274719
7274721
7274730
7274731
7274789
7274790
7274769
7274770
7274771
7274732
7274733
7274734
7274736
7274631
7274823
7274632
7274826
7274749
7274810
7274737
7274738
7274740
7274741
7274742
7274750
7274751
7274753
7274828
7274800
7274801
7274803
7274804
7274816
7274817
7274818
7274819
7274722
7274723
7274724
7274791
7274792
7274772
7274773
7274754
7274755
7274726
7274727
7274829
7274832
7274833
7274774
7274775
7274776
7274729
7274777
7274778
7274756
7274757
7274758
7274762
7274805
7274806
7274807
7274808
7274809
7274834
7274835
7274779
7274780
7274781
7274782
7274820
7274821
7274759
7274760
7274793
7274794
7274822
7274744
7274745
7274827
7274783
7274784
7274785
7274786
7274787
7274788
7274562
7274563
7274564
7274565
7274566
7274548
7274550
7274551
7274552
7274617
7274618
7274619
7274620
7274502
7274505
7274506
7274504
7274483
7274484
7274482
7274481
7274491
7274492
7274494
7274495
7274553
7274554
7274555
7274556
7274485
7274486
7274488
7274487
7274511
7274513
7274514
7274515
7274535
7274547
7274536
7274537
7274540
7274542
7274543
7274541
7274507
7274509
7274508
7274510
7274535
7274547
7274545
7274546
7274544
7274573
7274576
7274575
7274578
7274496
7274498
7274500
7274501
7274557
7274558
7274559
7274560
7274621
7274623
7274624
7274625
7274473
7274475
7274402
7274418
7274419
7274420
7274391
7274390
7274392
7274389
7274476
7274403
7274404
7274446
7274450
7274447
7274448
7274449
7274397
7274394
7274395
7274396
7274398
7274405
7274468
7274477
7274478
7274479
7274480
7274406
7274399
7274451
7274452
7274453
7274454
7274455
7274456
7274459
7274462
7274410
7274407
7274463
7274465
7274401
7274408
7274409
7274443
7274444
7274434
7274445
7274466
7274467
7274471
7274472
7274646
7274647
7274666
7274667
7274668
7274626
7274627
7274669
7274670
7274671
7274680
7274684
7274685
7274686
7274687
7274657
7274659
7274660
7274636
7274638
7274631
7274823
7274632
7274826
7274633
7274634
7274672
7274673
7274674
7274675
7274681
7274688
7274689
7274639
7274652
7274641
7274642
7274705
7274706
7274707
7274708
7274676
7274657
7274659
7274658
7274630
7274636
7274682
7274664
7274665
7274628
7274629
7274763
7274764
7274795
7274796
7274718
7274719
7274721
7274730
7274731
7274789
7274790
7274769
7274770
7274771
7274732
7274733
7274734
7274736
7274631
7274823
7274632
7274826
7274749
7274810
7274737
7274738
7274740
7274741
7274742
7274750
7274751
7274753
7274828
7274800
7274801
7274803
7274804
7274816
7274817
7274818
7274819
7274722
7274723
7274724
7274791
7274792
7274772
7274773
7274754
7274755
7274726
7274727
7274829
7274832
7274833
7274774
7274775
7274776
7274729
7274777
7274778
7274756
7274757
7274758
7274762
7274805
7274806
7274807
7274808
7274809
7274834
7274835
7274779
7274780
7274781
7274782
7274820
7274821
7274759
7274760
7274793
7274794
7274822
7274744
7274745
7274827
7274783
7274784
7274785
7274786
7274787
7274788
7274548
7274550
7274551
7274552
7274617
7274618
7274619
7274620
7274502
7274505
7274506
7274504
7274483
7274484
7274482
7274481
7274485
7274486
7274488
7274487
7274511
7274513
7274514
7274515
7274542
7274543
7274541
7274507
7274509
7274508
7274510
7274535
7274547
7274545
7274546
7274544
7274666
7274667
7274668
7274669
7274670
7274671
7274631
7274823
7274632
7274826
7274633
7274634
7274681
7274688
7274639
7274652
7274641
7274642
7274705
7274706
7274707
7274708
7274676
7274657
7274659
7274658
7274630
7274636
7274682
7274628
7274629
7274473
7274475
7274402
7274418
7274419
7274420
7274391
7274390
7274392
7274389
7274476
7274403
7274404
7274446
7274450
7274447
7274448
7274449
7274397
7274394
7274395
7274396
7274398
7274405
7274425
7274426
7274427
7274428
7274479
7274480
7274406
7274451
7274452
7274453
7274454
7274410
7274407
7274433
7274444
7274434
7274435
7274408
7274409
7274443
7274444
7274434
7274445
7274466
7274467
7274471
7274472
7274763
7274764
7274795
7274718
7274719
7274721
7274730
7274731
7274789
7274790
7274732
7274733
7274734
7274736
7274631
7274823
7274632
7274826
7274749
7274810
7274737
7274738
7274740
7274741
7274742
7274828
7274816
7274817
7274818
7274819
7274722
7274723
7274724
7274772
7274773
7274754
7274755
7274829
7274832
7274833
7274774
7274775
7274776
7274777
7274778
7274756
7274757
7274758
7274762
7274834
7274835
7274779
7274780
7274781
7274782
7274759
7274760
7274793
7274794
7274744
7274745
7274827
7274783
7274784
7274785
7274786
7274787
7274788
7274502
7274505
7274506
7274504
7274483
7274484
7274482
7274481
7274491
7274492
7274494
7274495
7274485
7274486
7274488
7274487
7274511
7274513
7274514
7274515
7274535
7274547
7274536
7274537
7274540
7274542
7274543
7274541
7274507
7274509
7274508
7274510
7274535
7274547
7274545
7274546
7274544
7274473
7274475
7274402
7274418
7274419
7274420
7274391
7274390
7274392
7274389
7274476
7274403
7274404
7274446
7274450
7274447
7274448
7274449
7274397
7274394
7274395
7274396
7274398
7274405
7274468
7274421
7274422
7274423
7274424
7274425
7274426
7274427
7274428
7274477
7274478
7274479
7274480
7274406
7274399
7274429
7274430
7274432
7274451
7274452
7274453
7274454
7274455
7274456
7274459
7274462
7274410
7274407
7274433
7274444
7274434
7274435
7274436
7274437
7274438
7274463
7274465
7274401
7274408
7274409
7274439
7274440
7274441
7274442
7274443
7274444
7274434
7274445
7274466
7274467
7274562
7274563
7274564
7274565
7274566
7274548
7274550
7274551
7274552
7274617
7274618
7274619
7274620
7274502
7274505
7274506
7274504
7274483
7274484
7274482
7274481
7274491
7274492
7274494
7274495
7274485
7274486
7274488
7274487
7274511
7274513
7274514
7274515
7274535
7274547
7274536
7274537
7274540
7274542
7274543
7274541
7274507
7274509
7274508
7274510
7274535
7274547
7274545
7274546
7274544
7274496
7274498
7274500
7274501
7274646
7274647
7274666
7274667
7274668
7274626
7274627
7274669
7274670
7274671
7274680
7274684
7274685
7274686
7274687
7274657
7274659
7274660
7274636
7274638
7274631
7274823
7274632
7274826
7274633
7274634
7274672
7274673
7274674
7274675
7274681
7274688
7274689
7274639
7274652
7274641
7274642
7274705
7274706
7274707
7274708
7274676
7274657
7274659
7274658
7274630
7274636
7274682
7274664
7274665
7274628
7274629
7274763
7274764
7274795
7274796
7274718
7274719
7274721
7274730
7274731
7274789
7274790
7274769
7274770
7274771
7274732
7274733
7274734
7274736
7274631
7274823
7274632
7274826
7274749
7274810
7274737
7274738
7274740
7274741
7274742
7274750
7274751
7274753
7274828
7274800
7274801
7274803
7274804
7274816
7274817
7274818
7274819
7274722
7274723
7274724
7274791
7274792
7274772
7274773
7274754
7274755
7274726
7274727
7274829
7274832
7274833
7274774
7274775
7274776
7274729
7274777
7274778
7274756
7274757
7274758
7274762
7274805
7274806
7274807
7274808
7274809
7274834
7274835
7274779
7274780
7274781
7274782
7274820
7274821
7274759
7274760
7274793
7274794
7274822
7274744
7274745
7274827
7274783
7274784
7274785
7274786
7274787
7274788
7274548
7274550
7274551
7274552
7274617
7274618
7274619
7274620
7274502
7274505
7274506
7274504
7274483
7274484
7274482
7274481
7274485
7274486
7274488
7274487
7274511
7274513
7274514
7274515
7274542
7274543
7274541
7274507
7274509
7274508
7274510
7274535
7274547
7274545
7274546
7274544
7274473
7274475
7274402
7274418
7274419
7274420
7274391
7274390
7274392
7274389
7274403
7274404
7274446
7274450
7274447
7274448
7274449
7274397
7274394
7274395
7274396
7274398
7274405
7274425
7274426
7274427
7274428
7274479
7274480
7274406
7274451
7274452
7274453
7274454
7274410
7274407
7274433
7274444
7274434
7274435
7274408
7274409
7274443
7274444
7274434
7274445
7274466
7274467
7274714
7274669
7274670
7274671
7274693
7274694
7274631
7274823
7274632
7274826
7274633
7274634
7274677
7274797
7274678
7274798
7274799
7274679
7274681
7274688
7274639
7274652
7274641
7274642
7274700
7274701
7274702
7274709
7274710
7274711
7274692
7274712
7274713
7274696
7274698
7274699
7274705
7274706
7274707
7274708
7274630
7274636
7274628
7274629
7274796
7274730
7274731
7274769
7274770
7274771
7274749
7274737
7274738
7274740
7274741
7274742
7274677
7274797
7274678
7274798
7274799
7274679
7274800
7274801
7274803
7274804
7274816
7274817
7274818
7274819
7274772
7274773
7274774
7274775
7274776
7274729
7274777
7274778
7274756
7274757
7274758
7274834
7274835
7274759
7274760
7274744
7274745
7274827
7274783
7274784
7274785
7274786
7274787
7274788
7274502
7274505
7274506
7274504
7274483
7274484
7274482
7274481
7274491
7274492
7274494
7274495
7274485
7274486
7274488
7274487
7274511
7274513
7274514
7274515
7274535
7274547
7274536
7274537
7274540
7274542
7274543
7274541
7274507
7274509
7274508
7274510
7274535
7274547
7274545
7274546
7274544
7274402
7274418
7274419
7274420
7274403
7274404
7274446
7274450
7274447
7274448
7274449
7274405
7274468
7274425
7274426
7274427
7274428
7274406
7274429
7274430
7274432
7274455
7274456
7274459
7274462
7274410
7274411
7274413
7274407
7274414
7274415
7274436
7274437
7274438
7274463
7274465
7274439
7274440
7274441
7274442
7274443
7274444
7274434
7274445
7274466
7274467
7274597
7274598
7274599
7274601
7274600
7274602
7274604
7274605
7274607
7274502
7274505
7274506
7274504
7274516
7274517
7274518
7274519
7274483
7274484
7274482
7274481
7274535
7274547
7274536
7274537
7274540
7274542
7274543
7274541
7274573
7274576
7274575
7274578
7274796
7274730
7274731
7274789
7274790
7274631
7274823
7274632
7274826
7274749
7274800
7274801
7274803
7274804
7274816
7274817
7274818
7274819
7274729
7274756
7274757
7274758
7274759
7274760
7274744
7274745
7274783
7274784
7274785
7274786
7274787
7274788
7274597
7274598
7274599
7274601
7274600
7274602
7274604
7274605
7274607
7274502
7274505
7274506
7274504
7274516
7274517
7274518
7274519
7274483
7274484
7274482
7274481
7274535
7274547
7274536
7274537
7274540
7274542
7274543
7274541
7274573
7274576
7274575
7274578
7274796
7274730
7274731
7274789
7274790
7274631
7274823
7274632
7274826
7274749
7274800
7274801
7274803
7274804
7274816
7274817
7274818
7274819
7274729
7274756
7274757
7274758
7274759
7274760
7274744
7274745
7274783
7274784
7274785
7274786
7274787
7274788
7274476